name: carnd-term1
channels:
- menpo
- anaconda
- anaconda-fusion
- defaults
dependencies:
- ca-certificates=2017.08.26=h94faf87_0
- cudatoolkit=8.0=3
- cudnn=6.0=0
- freetype=2.8=vc14h17c9bdf_0
- h5py=2.7.1=py35hb2c3add_0
- hdf5=1.10.1=vc14hbc849ce_0
- icc_rt=2017.0.4=h97af966_0
- icu=58.2=vc14hc45fdbb_0
- jpeg=9b=vc14h4d7706e_1
- keras-gpu=2.0.8=py35hfd8c95c_0
- libpng=1.6.32=vc14h5163883_3
- libprotobuf=3.2.0=vc14_0
- matplotlib=2.1.1=py35h2062329_0
- numpy=1.12.1=py35_0
- openssl=1.0.2l=vc14hf4c37d5_5
- protobuf=3.2.0=py35_0
- pyyaml=3.12=py35_0
- qt=5.6.2=vc14h6f8c307_12
- scipy=0.19.1=np112py35_0
- sqlite=3.20.1=vc14h7ce8c62_1
- tensorflow-gpu=1.1.0=np112py35_0
- tk=8.6.7=vc14hb68737d_1
- werkzeug=0.12.2=py35_0
- zlib=1.2.11=vc14h1cdd9ab_1
- bleach=1.5.0=py35_0
- certifi=2016.2.28=py35_0
- colorama=0.3.9=py35_0
- cycler=0.10.0=py35_0
- decorator=4.1.2=py35_0
- entrypoints=0.2.3=py35_0
- html5lib=0.9999999=py35_0
- ipykernel=4.6.1=py35_0
- ipython=6.1.0=py35_0
- ipython_genutils=0.2.0=py35_0
- ipywidgets=6.0.0=py35_0
- jedi=0.10.2=py35_2
- jinja2=2.9.6=py35_0
- jsonschema=2.6.0=py35_0
- jupyter=1.0.0=py35_3
- jupyter_client=5.1.0=py35_0
- jupyter_console=5.2.0=py35_0
- jupyter_core=4.3.0=py35_0
- markupsafe=1.0=py35_0
- mistune=0.7.4=py35_0
- mkl=2017.0.3=0
- nbconvert=5.2.1=py35_0
- nbformat=4.4.0=py35_0
- notebook=5.0.0=py35_0
- pandas=0.20.3=py35_0
- pandocfilters=1.4.2=py35_0
- path.py=10.3.1=py35_0
- pickleshare=0.7.4=py35_0
- pip=9.0.1=py35_1
- prompt_toolkit=1.0.15=py35_0
- pygments=2.2.0=py35_0
- pyparsing=2.2.0=py35_0
- pyqt=5.6.0=py35_2
- python=3.5.4=0
- python-dateutil=2.6.1=py35_0
- pytz=2017.2=py35_0
- pyzmq=16.0.2=py35_0
- qtconsole=4.3.1=py35_0
- scikit-learn=0.19.0=np112py35_0
- setuptools=36.4.0=py35_1
- simplegeneric=0.8.1=py35_1
- sip=4.18=py35_0
- six=1.10.0=py35_1
- testpath=0.3.1=py35_0
- tornado=4.5.2=py35_0
- traitlets=4.3.2=py35_0
- vc=14=0
- vs2015_runtime=14.0.25420=0
- wcwidth=0.1.7=py35_0
- wheel=0.29.0=py35_0
- widgetsnbextension=3.0.2=py35_0
- win_unicode_console=0.5=py35_0
- wincertstore=0.2=py35_0
- opencv3=3.1.0=py35_0
- pip:
  - click==6.7
  - enum-compat==0.0.2
  - eventlet==0.21.0
  - flask==0.12.2
  - flask-socketio==2.9.3
  - greenlet==0.4.12
  - imageio==2.1.2
  - ipython-genutils==0.2.0
  - itsdangerous==0.24
  - jupyter-client==5.1.0
  - jupyter-console==5.2.0
  - jupyter-core==4.3.0
  - keras==2.0.8
  - moviepy==0.2.3.2
  - olefile==0.44
  - pillow==4.3.0
  - prompt-toolkit==1.0.15
  - python-engineio==2.0.1
  - python-socketio==1.8.4
  - tqdm==4.11.2
  - win-unicode-console==0.5
prefix: C:\ProgramData\Anaconda3\envs\carnd-term1

